     6     3.3750     5.3750   89.66754      2      0     29
     8     3.8750     5.3750  144.74145      2      0     29
    11     3.6250     5.6250  102.83442      2      0     29
    15     3.6250     5.8750  136.01003      2      0     29
    14     3.3750     5.8750   98.07074      2      0     29
    13     3.1250     5.8750  116.65614      2      0     29
     7     3.6250     5.3750  117.12042      2      0     29
     5     3.1250     5.3750  127.81281      2      0     29
     9     3.1250     5.6250  102.02246      2      0     29
     3     3.6250     5.1250  144.17497      2      0     29
     1     3.1250     5.1250   97.78658      2      0     29
    16     3.8750     5.8750  113.82016      2      0     29
     4     3.8750     5.1250  137.49354      2      0     29
    12     3.8750     5.6250  145.35388      2      0     29
     2     3.3750     5.1250   95.20002      2      0     29
    10     3.3750     5.6250  146.18219      2      0     29
    12     2.8750     4.6250   93.92989      2      0     23
    11     2.6250     4.6250   90.81518      2      0     23
     5     2.1250     4.3750   85.93465      2      0     23
    15     2.6250     4.8750   97.32890      2      0     23
     6     2.3750     4.3750   84.28347      2      0     23
    13     2.1250     4.8750   90.85430      2      0     23
    10     2.3750     4.6250   91.76356      2      0     23
     2     2.3750     4.1250  100.44985      2      0     23
     7     2.6250     4.3750   90.31210      2      0     23
     3     2.6250     4.1250  132.16211      2      0     23
     1     2.1250     4.1250   75.10400      2      0     23
    16     2.8750     4.8750   79.87200      2      0     23
     8     2.8750     4.3750  125.03573      2      0     23
    14     2.3750     4.8750  103.94505      2      0     23
     9     2.1250     4.6250  109.79892      2      0     23
     4     2.8750     4.1250   86.87071      2      0     23
     2     3.3750     6.1250  133.77391      2      0     34
     7     3.6250     6.3750  116.21716      2      0     34
    12     3.8750     6.6250  113.77277      2      0     34
    11     3.6250     6.6250  104.78661      2      0     34
    14     3.3750     6.8750  116.47921      2      0     34
    15     3.6250     6.8750  116.95341      2      0     34
     5     3.1250     6.3750  159.83105      2      0     34
    13     3.1250     6.8750   81.97304      2      0     34
     1     3.1250     6.1250  105.52323      2      0     34
     8     3.8750     6.3750   87.57621      2      0     34
     3     3.6250     6.1250   89.83472      2      0     34
    10     3.3750     6.6250  134.97168      2      0     34
     6     3.3750     6.3750   96.51751      2      0     34
     4     3.8750     6.1250  116.32442      2      0     34
     9     3.1250     6.6250  113.18054      2      0     34
    16     3.8750     6.8750  110.50202      2      0     34
    12     1.8750     3.6250  105.93855      2      0     17
     8     1.8750     3.3750  127.41272      2      0     17
     9     1.1250     3.6250   71.93619      2      0     17
    15     1.6250     3.8750   78.13306      2      0     17
    16     1.8750     3.8750   78.73874      2      0     17
     4     1.8750     3.1250  111.65069      2      0     17
     7     1.6250     3.3750   97.96019      2      0     17
     3     1.6250     3.1250  150.51000      2      0     17
    13     1.1250     3.8750   76.36747      2      0     17
     1     1.1250     3.1250   54.25210      2      0     17
    11     1.6250     3.6250   65.02303      2      0     17
    14     1.3750     3.8750   76.57792      2      0     17
     6     1.3750     3.3750   57.88073      2      0     17
     5     1.1250     3.3750   64.83888      2      0     17
    10     1.3750     3.6250   60.07658      2      0     17
     2     1.3750     3.1250  101.63206      2      0     17
     5     1.1250     4.3750   87.53857      2      0     22
    10     1.3750     4.6250   93.77896      2      0     22
    15     1.6250     4.8750   97.78880      2      0     22
     9     1.1250     4.6250   77.87595      2      0     22
     2     1.3750     4.1250   84.92415      2      0     22
     7     1.6250     4.3750   78.72503      2      0     22
    16     1.8750     4.8750  106.03017      2      0     22
    13     1.1250     4.8750   59.55920      2      0     22
     6     1.3750     4.3750  109.11069      2      0     22
     8     1.8750     4.3750   95.96700      2      0     22
    14     1.3750     4.8750   85.13599      2      0     22
     1     1.1250     4.1250   97.39220      2      0     22
     3     1.6250     4.1250   84.11893      2      0     22
     4     1.8750     4.1250   86.37420      2      0     22
    11     1.6250     4.6250  113.28419      2      0     22
    12     1.8750     4.6250   78.14723      2      0     22
    11     0.6250     3.6250   81.27931      2      0     16
    14     0.3750     3.8750   56.19350      2      0     16
     1     0.1250     3.1250   68.92375      2      0     16
     3     0.6250     3.1250   73.70288      2      0     16
     5     0.1250     3.3750   82.80633      2      0     16
     2     0.3750     3.1250   66.82977      2      0     16
     9     0.1250     3.6250   43.80543      2      0     16
     8     0.8750     3.3750   88.00211      2      0     16
    10     0.3750     3.6250   78.74929      2      0     16
     7     0.6250     3.3750   65.22775      2      0     16
    16     0.8750     3.8750   92.02227      2      0     16
    12     0.8750     3.6250   78.75892      2      0     16
    15     0.6250     3.8750   76.73725      2      0     16
    13     0.1250     3.8750   53.29642      2      0     16
     6     0.3750     3.3750   69.19350      2      0     16
     4     0.8750     3.1250   55.22550      2      0     16
     9     4.1250     6.6250   88.25786      2      0     35
     5     4.1250     6.3750  114.52323      2      0     35
    11     4.6250     6.6250  153.09252      2      0     35
     2     4.3750     6.1250  167.03962      2      0     35
    15     4.6250     6.8750  106.74670      2      0     35
     6     4.3750     6.3750  140.17228      2      0     35
    13     4.1250     6.8750  105.77035      2      0     35
    10     4.3750     6.6250  110.09163      2      0     35
     4     4.8750     6.1250  159.30306      2      0     35
     7     4.6250     6.3750  177.06799      2      0     35
     8     4.8750     6.3750  180.12767      2      0     35
    14     4.3750     6.8750   81.57933      2      0     35
    16     4.8750     6.8750  153.49618      2      0     35
     3     4.6250     6.1250  139.82662      2      0     35
    12     4.8750     6.6250  190.05239      2      0     35
     1     4.1250     6.1250  117.71812      2      0     35
    11     0.6250     2.6250   59.93763      2      0     11
     3     0.6250     2.1250  147.88374      2      0     11
    15     0.6250     2.8750   51.90360      2      0     11
     9     0.1250     2.6250   69.29365      2      0     11
    12     0.8750     2.6250  119.35253      2      0     11
     1     0.1250     2.1250   70.89895      2      0     11
     7     0.6250     2.3750  138.75598      2      0     11
     6     0.3750     2.3750   61.78110      2      0     11
    13     0.1250     2.8750   65.86033      2      0     11
    10     0.3750     2.6250   49.28213      2      0     11
     5     0.1250     2.3750   44.10544      2      0     11
     4     0.8750     2.1250  132.43356      2      0     11
    16     0.8750     2.8750   55.89055      2      0     11
     2     0.3750     2.1250  117.98091      2      0     11
     8     0.8750     2.3750  174.59804      2      0     11
    14     0.3750     2.8750   77.89968      2      0     11
     2     2.3750     5.1250   92.95294      2      0     28
    12     2.8750     5.6250  135.25032      2      0     28
     5     2.1250     5.3750  108.42756      2      0     28
    13     2.1250     5.8750   78.66373      2      0     28
    11     2.6250     5.6250  107.91161      2      0     28
     3     2.6250     5.1250  121.67534      2      0     28
     9     2.1250     5.6250   84.91240      2      0     28
    14     2.3750     5.8750   91.58513      2      0     28
    10     2.3750     5.6250  121.15530      2      0     28
     8     2.8750     5.3750  122.47425      2      0     28
    15     2.6250     5.8750  116.15099      2      0     28
     7     2.6250     5.3750  100.46433      2      0     28
     1     2.1250     5.1250  106.59065      2      0     28
     6     2.3750     5.3750  104.06203      2      0     28
    16     2.8750     5.8750   93.67832      2      0     28
     4     2.8750     5.1250  116.12215      2      0     28
    16     4.8750     7.8750   96.58943      2      0     40
    10     4.3750     7.6250  127.27229      2      0     40
     2     4.3750     7.1250   99.81229      2      0     40
    14     4.3750     7.8750  108.03725      2      0     40
    15     4.6250     7.8750  128.03117      2      0     40
     6     4.3750     7.3750  105.68870      2      0     40
     5     4.1250     7.3750  129.66532      2      0     40
     7     4.6250     7.3750   79.96917      2      0     40
    12     4.8750     7.6250   73.41048      2      0     40
     4     4.8750     7.1250  108.03077      2      0     40
     3     4.6250     7.1250   84.96541      2      0     40
     8     4.8750     7.3750   75.66468      2      0     40
    11     4.6250     7.6250   96.37777      2      0     40
    13     4.1250     7.8750   87.76767      2      0     40
     9     4.1250     7.6250  108.53290      2      0     40
     1     4.1250     7.1250  124.03429      2      0     40
