    49     3.5000     9.5000  132.39879      1      0
    31     0.5000     6.5000   63.48696      1      0
    44     3.5000     8.5000  109.33828      1      0
    45     4.5000     8.5000   95.35446      1      0
    12     1.5000     2.5000  120.03512      1      0
    41     0.5000     8.5000  109.86650      1      0
    20     4.5000     3.5000   73.98522      1      0
    26     0.5000     5.5000   70.31020      1      0
    10     4.5000     1.5000   41.45063      1      0
    25     4.5000     4.5000   99.94602      1      0
    42     1.5000     8.5000   87.77360      1      0
     8     2.5000     1.5000   94.56372      1      0
    24     3.5000     4.5000  129.61713      1      0
    37     1.5000     7.5000   71.17149      1      0
    27     1.5000     5.5000   65.44097      1      0
    18     2.5000     3.5000  131.33854      1      0
    33     2.5000     6.5000   73.77379      1      0
    13     2.5000     2.5000  100.25296      1      0
    15     4.5000     2.5000   89.69462      1      0
    46     0.5000     9.5000  106.65949      1      0
    50     4.5000     9.5000  114.23033      1      0
     9     3.5000     1.5000   83.39572      1      0
    14     3.5000     2.5000   85.43144      1      0
     7     1.5000     1.5000   81.91030      1      0
     2     1.5000     0.5000   79.25955      1      0
     4     3.5000     0.5000   36.83335      1      0
    21     0.5000     4.5000   63.21851      1      0
    38     2.5000     7.5000   88.92419      1      0
     3     2.5000     0.5000   79.21210      1      0
    19     3.5000     3.5000   94.96995      1      0
     5     4.5000     0.5000   50.17431      1      0
    43     2.5000     8.5000   90.92568      1      0
     1     0.5000     0.5000   73.01153      1      0
    47     1.5000     9.5000  104.10977      1      0
     6     0.5000     1.5000   93.19948      1      0
    36     0.5000     7.5000   77.35583      1      0
    39     3.5000     7.5000   84.48038      1      0
    30     4.5000     5.5000  162.47096      1      0
    32     1.5000     6.5000   66.92411      1      0
    48     2.5000     9.5000  115.94679      1      0
